 LambdaF : -2.546822339507944E-002 -1.792648026803919E-017
 -1.852890643502741E-017 -2.519277585393769E-017  0.173791289191508     
  1.095244506852306E-006 -1.747103611840056E-017  1.095244506826251E-006
  0.173791289191460     
 LambdaU: -2.939628016306056E-017 -3.124096855210855E-017
  3.561790215988566E-017
 LambdaF : -5.191111055949631E-002  2.645352875348972E-017
  2.394498013176888E-017  3.767206102735134E-017  0.345160770328197     
  5.072851867997371E-006  1.605778735369160E-017  5.072851867974317E-006
  0.345160770328241     
 LambdaU:  5.638477241480635E-017  4.084667061027221E-016
 -3.701299166642901E-016
 LambdaF : -7.937163286415856E-002  2.412508788863526E-017
  2.563573342893648E-017  1.698841449080875E-017  0.514116447729735     
  1.239177261079770E-005  1.485585649537983E-017  1.239177261074186E-005
  0.514116447729739     
 LambdaU: -1.202987047384384E-016  3.869781944742544E-016
  1.568615080618309E-017
 LambdaF : -0.107879117578947       4.258132635267490E-017
  2.758782766320095E-017  3.152886221976516E-017  0.680679948088808     
  2.316190306529302E-005 -2.151058430796083E-017  2.316190306526438E-005
  0.680679948088799     
 LambdaU: -9.450731004661826E-017  8.276914517989565E-016
  9.772576290925156E-016
 LambdaF : -0.137456053570260      -1.881321947533231E-017
 -1.509881434262613E-017 -3.926514575337469E-017  0.844879546331670     
  3.737448286760063E-005 -7.487007288033252E-017  3.737448286756714E-005
  0.844879546331742     
 LambdaU:  8.910427622121412E-019  8.725910433970474E-016
 -8.494352320360483E-016
 LambdaF : -0.168121826111708      -1.116004834383004E-017
 -1.415888246165390E-017 -5.551919021679464E-017   1.00674635026263     
  5.499690998882064E-005 -1.914983033850680E-017  5.499690998873707E-005
   1.00674635026263     
 LambdaU: -1.473885149307785E-017  8.497290792886765E-016
 -8.694052710062282E-016
 LambdaF : -0.199895162521620      -3.380841363776092E-017
 -1.266297954871766E-017 -3.777083085922958E-017   1.16631192190333     
  7.599847668986712E-005 -8.436896979994759E-017  7.599847668973475E-005
   1.16631192190328     
 LambdaU:  2.394489825566466E-016  7.429954624187737E-018
  1.872215852346119E-015
 LambdaF : -0.232794933355098       2.573553457329022E-017
  2.184377486729273E-017  1.430292422890651E-017   1.32360748961874     
  1.003678841036522E-004  3.969999759718829E-017  1.003678841035778E-004
   1.32360748961881     
 LambdaU: -1.983803010548818E-017 -1.855258757547391E-017
 -1.723634727696051E-015
 LambdaF : -0.266840062289928       8.776403637940581E-018
  1.810263264326366E-017 -6.964644101662979E-017   1.47866403241597     
  1.281045080773803E-004 -1.178026940048023E-016  1.281045080773745E-004
   1.47866403241592     
 LambdaU:  2.323723872117965E-016 -1.593484634759094E-017
 -1.699581805908429E-015
 LambdaF : -0.302050176658839       7.266673053819207E-018
  2.764008558381732E-017 -5.645955653297484E-017   1.63151169607048     
  1.592269113605747E-004 -1.227204242935364E-016  1.592269113605080E-004
   1.63151169607058     
 LambdaU:  2.556251690160302E-018  6.790013095782639E-017
 -1.804749855100978E-015
